FlipFlop Table

	Bit Size: 1
		Name  ClktoQ   Power    Area    CostPerBit
		FF15  20.7726  0.03943  29988   149940
		FF3   20.545   0.01337  29988   149940
		FF27  20.25    0.03231  23562   117810
		FF18  19.9237  0.03331  23562   117810
		FF26  19.9207  0.03331  23562   117810
		FF24  19.8374  0.03331  23562   117810
		FF10  19.6114  0.01235  25704   128520
		FF9   18.5691  0.01233  25704   128520
		FF14  18.2437  0.03227  2142    10710.2
		FF4   18.0629  0.01836  27846   139230
		FF1   18.052   0.0193   23562   117810
		FF2   17.9804  0.01929  25704   128520
		FF16  17.9324  0.03227  2142    10710.2
		FF12  17.9296  0.03227  2142    10710.2
		FF8   17.8575  0.03125  20349   101745
		FF11  17.8449  0.03227  2142    10710.2
		FF23  17.627   0.03056  38556   192780
		FF5   17.528   0.03225  20349   101745
		FF6   17.5251  0.03225  20349   101745
		FF7   17.4411  0.03225  20349   101745
		FF19  16.9674  0.03244  3213    16065.2
		FF29  16.8268  0.04831  23562   117810
		FF20  15.5226  0.04069  47124   235620
		FF30  15.4766  0.04038  28917   144585
		FF31  15.3165  0.055461 31059   155295
		FF28  14.9943  0.03927  2142    10710.2
		FF13  14.8509  0.03525  20349   101745
		FF21  13.7223  0.03756  40698   203490
		FF22  13.3453  0.03533  24633   123165
		FF17  12.8637  0.03333  24633   123165
		FF25  12.6439  0.0355   37485   187425

	Bit Size: 2
		Name  ClktoQ   Power    Area    CostPerBit
		FF33  24.3065  0.0268   47124   117810
		FF34  22.3444  0.03423  38556   96390.1
		FF35  22.3096  0.037725 38556   96390.1
		FF32  21.3999  0.02628  47124   117810
		FF36  19.2354  0.03773  38556   96390.1
		FF37  18.8778  0.046225 38556   96390.1


	Bit Size: 4
		Name  ClktoQ   Power    Area    CostPerBit
		FF41  32.6262  0.037713 72828   91035
		FF40  30.5603  0.035213 72828   91035
		FF45  29.5341  0.042713 72828   91035.1
		FF44  26.1095  0.037713 72828   91035
		FF39  24.113   0.027775 94248   117810
		FF43  23.2122  0.027713 72828   91035
		FF42  22.667   0.02772  72828   91035
		FF38  21.3628  0.02775  94248   117810
		FF47  20.8055  0.047713 72828   91035.1
		FF46  18.6432  0.035223 72828   91035

Optimized FlipFlop Table
